1
2 1
3 1
4 1
5 2
6 1
7 1
7 3
8 4 3 2
9 4
10 3
11 2
12 6 4 1
13 4 3 1
14 5 3 1
15 1
165 3 2
17 3
17 5
17 6
18 7
18 5 2 1
19 5 2 1
20 3
21 2
22 1
23 5
24 4 3 1
25 3
26 6 2 1
27 5 2 1
28 3
29 2
30 6 4 1
31 3
31 6
31 7
31 13
32 7 6 2
32 7 5 3 2 1
33 13
33 16 4 1
34 8 4 3
34 7 6 5 2 1
35 2
36 11
36 6 5 4 2 1
37 6 4 1
37 5 4 3 2 1
38 6 5 1
39 4
40 5 4 3
41 3
42 7 4 3
42 5 4 3 2 1
43 6 4 3
44 6 5 2
45 4 3 1
46 8 7 6
46 8 5 3 2 1
47 5
48 9 7 4
48 7 5 4 2 1
49 9
49 6 5 4
50 4 3 2
51 6 3 1
53 6 2 1
54 8 6 3
54 6 5 4 3 2
55 24
55 6 2 1
56 7 4 2
57 7
57 5 3 2
58 19
58 6 5 1
59 7 4 2
59 6 5 4 3 1
60 1
61 5 2 1
62 6 5 3
63 1
64 4 3 1
65 18
65 4 3 1
66 9 8 6
66 8 6 5 3 2
67 5 2 1
68 9
68 7 5 1
69 6 5 2
70 5 3 1
71 6
71 5 3 1
72 10 9 3
72 6 4 3 2 1
73 25
73 4 3 2
74 7 4 3
75 6 6 3 1
76 5 4 2
77 6 5 2
78 7 2 1
79 9
79 4 3 2
80 9 4 2
80 7 5 3 2 1
81 4
82 9 6 4
82 8 7 6 1
83 7 4 2
84 13
84 8 7 5 3 1
85 8 2 1
86 6 5 2
87 13
87 7 5 1
88 11 9 8
88 8 5 4 3 1
88 38
89 51
89 6 5 3
90 5 3 2
91 8 5 1
91 7 6 5 3 2
92 6 5 2
93 2
94 21
94 6 5 1
95 11
95 6 5 4 2 1
96 10 9 6
96 7 6 4 3 2
97 6
98 11
98 7 4 3 1
99 7 5 4
100 37
100 8 7 2
101 7 6 1
102 6 5 3
104 11 10 1
105 16
106 15
107 9 7 4
108 31
109 5 4 2
110 6 4 1
111 10
68 9
68 7 5 1
111 49
113 9
113 15
113 30
114 11 2 1
115 8 7 2
116 6 5 2
117 5 2 1
118 33
119 8
119 45
120 9 6 2
121 18
122 6 2 1
123 2
124 37
125 7 6 5
126 7 4 2
127 1
127 7
127 63
128 7 2 1
129 5
130 3
131 8 3 2
132 29
133 9 8 2
134 57
135 11
135 16
135 22
136 8 3 2
137 21
138 8 7 1
139 8 5 3
140 29
141 13 6 1
142 21
143 5 3 2
144 7 4 2
145 52
145 69
146 5 3 2
147 11 4 2
148 27
149 10 9 7
150 53
151 3
151 9
151 15
151 31
151 39
151 43
151 46
151 51
151 63
151 66
151 67
151 70
152 6 3 2
153 1
153 8
154 9 5 1
155 7 5 4
156 9 5 3
158 8 6 5
159 31
159 34
159 40
160 5 3 2
161 18
161 39
161 60
162 8 7 4
163 7 6 3
164 12 6 5
165 9 8 3
166 10 3 2
167 6
170 23
172 2
174 13
175 6
175 16
175 18
175 57
175 8
177 22
177 88
178 87
183 56
194 87
198 65
201 14
201 17
201 59
201 79
202 55
207 43
212 105
218 1
218 15
218 71
218 83
225 32
225 46
225 74
225 88
225 97
225 109
231 26
231 34
234 31
234 103
236 5
250 103
255 52
255 56
255 82
258 83
266 47
270 133
282 35
282 43
286 69
286 73
294 61
322 67
333 2
350 53
366 29
378 43
378 107
390 89
462 73
521 32
521 48
521 158
521 168
607 147
607 273
1279 216
1279 418
2281 715
2281 915
2281 1029
3217 67
3217 567